ID	t0	t1	t2
O01	-1.15	0.53	0.62
O02	1.15	-0.66	-0.49
O03	0.00	0.00	0.00
O04	0.00	0.00	0.00
O05	0.04	-1.02	0.98
O06	-0.41	1.14	-0.73
O07	0.00	0.00	0.00
O08	0.00	0.00	0.00
O09	1.10	-0.85	-0.25
O10	1.14	-0.43	-0.71
O11	-0.58	-0.58	1.15
O12	-0.88	-0.21	1.09
O13	-0.58	-0.58	1.15
O14	0.00	0.00	0.00
O15	-0.58	-0.58	1.15
O16	-0.18	-0.90	1.08
O17	0.00	0.00	0.00
O18	-0.88	1.09	-0.21
O19	0.00	0.00	0.00
O20	-0.29	1.11	-0.83
O21	0.00	0.00	0.00
O22	-0.99	1.01	-0.02
O23	0.68	0.47	-1.15
O24	0.00	0.00	0.00
O25	0.00	0.00	0.00
O26	0.85	0.26	-1.10
O27	0.00	0.00	0.00
O28	-0.58	-0.58	1.15
O29	0.00	0.00	0.00
O30	-0.58	-0.58	1.15
O31	0.00	0.00	0.00
O32	0.00	0.00	0.00
O33	-0.74	-0.40	1.14
O34	-1.15	0.47	0.68
O35	1.15	-0.58	-0.58
O36	0.94	-1.05	0.12
O37	1.01	-0.02	-0.99
O38	1.00	-0.01	-1.00
O39	-1.11	0.29	0.82
O40	1.15	-0.58	-0.58
O41	0.00	0.00	0.00
O42	0.00	0.00	0.00
O43	0.00	0.00	0.00
O44	0.00	0.00	0.00
O45	1.15	-0.65	-0.50
O46	1.15	-0.58	-0.58
O47	0.00	0.00	0.00
O48	0.77	0.36	-1.13
O49	0.00	0.00	0.00
O50	0.93	0.13	-1.06
O51	0.00	0.00	0.00
O52	0.00	0.00	0.00
O53	0.00	0.00	0.00
O54	0.71	-1.14	0.43
O55	-1.02	0.98	0.04
O56	0.67	0.48	-1.15
O57	1.10	-0.86	-0.24
O58	0.62	0.54	-1.15
O59	-1.15	0.69	0.46
O60	-0.76	-0.38	1.13
O61	1.15	-0.56	-0.60
O62	0.37	0.76	-1.13
O63	0.04	0.98	-1.02
O64	1.08	-0.18	-0.90
O65	0.84	0.27	-1.11
O66	-1.15	0.67	0.47
O67	1.15	-0.65	-0.50
O68	-1.13	0.75	0.38
O69	0.53	0.62	-1.15
O70	-0.42	1.14	-0.72
O71	-1.15	0.67	0.48
O72	-1.15	0.51	0.64
O73	0.56	0.60	-1.15
O74	0.00	0.00	0.00
O75	0.00	0.00	0.00
O76	1.15	-0.52	-0.63
O77	0.97	0.06	-1.03
O78	-0.58	1.15	-0.58
O79	-0.26	1.11	-0.84
O80	-0.58	1.15	-0.58
O81	-0.96	1.03	-0.07
O82	1.06	-0.12	-0.93
O83	1.15	-0.68	-0.46
O84	1.15	-0.66	-0.50
O85	-1.00	0.00	1.00
O86	1.14	-0.40	-0.74
O87	-1.11	0.84	0.27
O88	-0.32	1.12	-0.80
O89	0.00	0.00	0.00
O90	0.94	0.11	-1.05
O91	1.11	-0.30	-0.82
O92	1.15	-0.58	-0.58
O93	-1.15	0.69	0.46
O94	1.08	-0.19	-0.89
O95	0.00	0.00	0.00
O96	1.10	-0.24	-0.86
O97	-0.58	1.15	-0.58
O98	1.07	-0.17	-0.91
O99	0.00	0.00	0.00
O100	-1.14	0.42	0.72
O101	1.04	-0.10	-0.95
O102	-1.12	0.33	0.80
O103	0.52	-1.15	0.63
O104	1.04	-0.08	-0.96
O105	0.24	0.86	-1.10
O106	-1.14	0.71	0.43
O107	-0.36	1.13	-0.77
O108	-1.11	0.30	0.82
O109	1.15	-0.58	-0.58
O110	1.15	-0.58	-0.58
O111	1.15	-0.58	-0.58
O112	1.05	-0.11	-0.94
O113	-1.15	0.58	0.58
O114	0.00	0.00	0.00
O115	-1.15	0.63	0.52
O116	-1.13	0.76	0.37
O117	1.15	-0.45	-0.70
O118	-1.00	1.00	0.01
O119	0.59	0.57	-1.15
O120	1.15	-0.58	-0.58
O121	-0.19	-0.89	1.08
O122	1.00	-0.01	-1.00
O123	-1.15	0.53	0.62
O124	0.93	0.13	-1.06
O125	-1.10	0.26	0.85
O126	-1.15	0.49	0.66
O127	-0.53	-0.62	1.15
O128	-1.02	0.04	0.98
O129	1.15	-0.58	-0.58
O130	1.15	-0.58	-0.58
O131	1.13	-0.37	-0.76
O132	1.15	-0.58	-0.58
O133	0.00	0.00	0.00
O134	0.00	0.00	0.00
O135	-1.15	0.50	0.65
O136	0.00	0.00	0.00
O137	1.07	-0.16	-0.91
O138	1.15	-0.58	-0.58
O139	-1.14	0.39	0.74
O140	-1.14	0.73	0.41
O141	-1.15	0.68	0.47
O142	1.14	-0.44	-0.70
O143	-0.58	-0.58	1.15
O144	0.00	0.00	0.00
O145	1.12	-0.32	-0.80
O146	-1.15	0.55	0.60
O147	1.13	-0.34	-0.78
O148	0.94	0.12	-1.05
O149	1.15	-0.54	-0.61
O150	1.15	-0.58	-0.58
O151	-1.06	0.92	0.15
O152	1.14	-0.44	-0.70
O153	0.96	0.07	-1.03
O154	-0.77	1.13	-0.36
O155	1.03	-0.06	-0.97
O156	-1.15	0.68	0.47
O157	1.12	-0.33	-0.79
O158	1.15	-0.58	-0.58
O159	-0.91	-0.16	1.07
O160	1.15	-0.62	-0.53
O161	1.14	-0.75	-0.39
O162	0.00	0.00	0.00
O163	-1.09	0.22	0.87
O164	1.08	-0.20	-0.89
O165	-1.15	0.51	0.64
O166	0.85	0.25	-1.10
O167	-1.14	0.40	0.74
O168	1.07	-0.15	-0.92
O169	0.04	0.98	-1.02
O170	-0.58	1.15	-0.58
O171	1.15	-0.58	-0.58
O172	1.11	-0.84	-0.27
O173	1.10	-0.23	-0.86
O174	-1.15	0.61	0.54
O175	1.15	-0.58	-0.58
O176	1.09	-0.22	-0.87
O177	-0.81	1.12	-0.31
O178	1.14	-0.41	-0.73
O179	0.97	0.05	-1.03
O180	-1.15	0.48	0.67
O181	0.94	0.11	-1.05
O182	0.88	0.21	-1.09
O183	-1.15	0.64	0.52
O184	-1.14	0.40	0.74
O185	-1.10	0.24	0.86
O186	-1.15	0.51	0.64
O187	1.14	-0.44	-0.71
O188	-1.15	0.57	0.58
O189	-0.58	-0.58	1.15
O190	0.00	0.00	0.00
O191	-1.01	0.99	0.02
O192	-1.03	0.96	0.07
O193	1.15	-0.55	-0.60
O194	0.48	0.67	-1.15
O195	1.05	-0.94	-0.11
O196	1.06	-0.13	-0.93
O197	-0.58	-0.58	1.15
O198	0.31	-1.12	0.81
O199	-1.03	0.96	0.07
O200	-1.11	0.83	0.27
O201	0.51	-1.15	0.64
O202	-0.58	-0.58	1.15
O203	0.00	0.00	0.00
O204	1.15	-0.58	-0.58
O205	1.05	-0.10	-0.95
O206	-0.58	1.15	-0.58
O207	-1.10	0.25	0.85
O208	0.00	0.00	0.00
O209	1.06	-0.13	-0.93
O210	1.15	-0.49	-0.66
O211	0.53	0.62	-1.15
O212	1.15	-0.45	-0.70
O213	0.00	0.00	0.00
O214	-1.13	0.77	0.36
O215	0.00	0.00	0.00
O216	-1.11	0.28	0.83
O217	0.41	0.73	-1.14
O218	-0.58	-0.58	1.15
O219	0.55	0.60	-1.15
O220	0.00	1.00	-1.00
O221	0.00	0.00	0.00
O222	1.15	-0.58	-0.58
O223	-0.13	1.06	-0.93
O224	1.15	-0.58	-0.58
O225	-1.15	0.54	0.61
O226	-1.06	0.14	0.92
O227	0.72	0.42	-1.14
O228	0.00	0.00	0.00
O229	-0.82	1.11	-0.29
O230	0.12	-1.05	0.94
O231	0.00	0.00	0.00
O232	-0.65	-0.50	1.15
O233	-1.05	0.11	0.94
O234	0.63	0.53	-1.15
O235	-0.83	1.11	-0.28
O236	-1.14	0.74	0.39
O237	-0.58	-0.58	1.15
O238	1.12	-0.33	-0.80
O239	1.13	-0.34	-0.78
O240	-1.15	0.50	0.65
O241	-1.15	0.54	0.61
O242	0.00	0.00	0.00
O243	1.00	0.00	-1.00
O244	-1.15	0.55	0.60
O245	1.15	-0.59	-0.57
O246	0.66	0.50	-1.15
O247	0.00	0.00	0.00
O248	-0.86	-0.24	1.10
O249	1.15	-0.47	-0.68
O250	1.02	-0.05	-0.98
O251	0.00	0.00	0.00
O252	-0.58	1.15	-0.58
O253	1.14	-0.70	-0.44
O254	0.93	-1.06	0.12
O255	-0.58	1.15	-0.58
O256	0.60	0.55	-1.15
O257	1.14	-0.42	-0.72
O258	1.15	-0.58	-0.58
O259	-1.02	0.05	0.98
O260	1.08	-0.18	-0.90
O261	0.45	0.70	-1.15
O262	0.00	0.00	0.00
O263	0.00	0.00	0.00
O264	-0.96	-0.07	1.04
O265	-1.01	0.98	0.03
O266	-0.58	-0.58	1.15
O267	-0.60	-0.55	1.15
O268	1.15	-0.56	-0.60
O269	0.00	0.00	0.00
O270	1.09	-0.22	-0.87
O271	-1.15	0.53	0.63
O272	1.15	-0.58	-0.58
O273	1.11	-0.28	-0.83
O274	0.94	0.11	-1.05
O275	-0.58	-0.58	1.15
O276	1.15	-0.58	-0.58
O277	-1.02	0.04	0.98
O278	-1.12	0.81	0.31
O279	-1.14	0.75	0.39
O280	0.88	0.20	-1.09
O281	-1.15	0.55	0.60
O282	-1.15	0.48	0.67
O283	-0.48	1.15	-0.67
O284	-1.14	0.71	0.44
O285	-1.10	0.24	0.86
O286	0.73	0.41	-1.14
O287	0.74	-1.14	0.40
O288	-1.15	0.48	0.67
O289	-1.13	0.36	0.77
O290	1.13	-0.77	-0.36
O291	-0.27	1.11	-0.84
O292	1.06	-0.14	-0.92
O293	0.81	-1.12	0.31
O294	1.04	-0.95	-0.09
O295	0.00	0.00	0.00
O296	-1.10	0.26	0.85
O297	-1.15	0.57	0.58
O298	-1.14	0.42	0.72
O299	-0.60	-0.55	1.15
O300	0.37	-1.13	0.76
O301	-1.15	0.58	0.58
O302	-1.11	0.83	0.29
O303	0.89	0.20	-1.08
O304	1.15	-0.58	-0.58
O305	0.39	0.74	-1.14
O306	-1.15	0.63	0.52
O307	1.15	-0.62	-0.53
O308	-0.06	1.03	-0.97
O309	1.10	-0.26	-0.85
O310	-0.58	-0.58	1.15
O311	0.24	0.86	-1.10
O312	-1.13	0.37	0.76
O313	-1.15	0.60	0.55
O314	1.09	-0.23	-0.87
O315	0.00	0.00	0.00
O316	0.59	0.57	-1.15
O317	0.67	0.48	-1.15
O318	1.11	-0.29	-0.82
O319	-1.14	0.43	0.71
O320	0.90	0.17	-1.07
O321	0.00	0.00	0.00
O322	0.00	0.00	0.00
O323	-0.53	-0.62	1.15
O324	0.87	0.22	-1.09
O325	-1.14	0.74	0.40
O326	0.43	0.72	-1.14
O327	-1.13	0.36	0.77
O328	-0.92	-0.14	1.06
O329	1.15	-0.58	-0.58
O330	-1.07	0.16	0.91
O331	-0.25	1.10	-0.85
O332	-1.07	0.16	0.91
O333	0.00	0.00	0.00
O334	-1.15	0.54	0.61
O335	0.64	0.52	-1.15
O336	-1.14	0.44	0.71
O337	0.00	0.00	0.00
O338	0.00	0.00	0.00
O339	0.00	0.00	0.00
O340	0.00	0.00	0.00
O341	1.15	-0.58	-0.58
O342	0.00	0.00	0.00
O343	1.15	-0.58	-0.58
O344	-0.47	-0.68	1.15
O345	-1.14	0.41	0.73
O346	1.14	-0.44	-0.71
O347	0.00	0.00	0.00
O348	-1.15	0.56	0.60
O349	-1.12	0.31	0.81
O350	-1.08	0.90	0.18
O351	-1.09	0.87	0.22
O352	0.76	0.37	-1.13
O353	0.00	0.00	0.00
O354	-0.22	1.09	-0.87
O355	-1.15	0.62	0.53
O356	1.13	-0.37	-0.76
O357	1.09	-0.23	-0.87
O358	-0.75	-0.38	1.14
O359	-0.44	1.14	-0.70
O360	-0.94	1.05	-0.11
O361	1.15	-0.58	-0.58
O362	-1.00	0.01	1.00
O363	0.74	0.39	-1.14
O364	1.15	-0.58	-0.58
O365	0.95	-1.04	0.09
O366	0.00	0.00	0.00
O367	-1.07	0.91	0.16
O368	1.11	-0.28	-0.83
O369	1.10	-0.85	-0.26
O370	-1.09	0.23	0.87
O371	1.15	-0.58	-0.58
O372	1.03	-0.07	-0.96
O373	0.68	0.47	-1.15
O374	0.92	0.15	-1.07
O375	0.59	0.57	-1.15
O376	-1.13	0.35	0.78
O377	1.08	-0.18	-0.90
O378	1.09	-0.22	-0.87
O379	-0.87	1.09	-0.22
O380	0.00	0.00	0.00
O381	-0.61	1.15	-0.55
O382	-0.99	-0.03	1.01
O383	1.01	-0.99	-0.02
O384	0.95	0.10	-1.05
O385	-1.15	0.54	0.61
O386	-1.14	0.41	0.73
O387	0.71	0.43	-1.14
O388	-0.07	1.04	-0.96
O389	-1.14	0.70	0.44
O390	1.15	-0.58	-0.58
O391	0.74	0.40	-1.14
O392	1.15	-0.58	-0.58
O393	-1.15	0.66	0.49
O394	0.00	0.00	0.00
O395	0.00	0.00	0.00
O396	-1.15	0.54	0.61
O397	1.15	-0.58	-0.58
O398	-1.08	0.19	0.89
O399	-1.14	0.39	0.74
O400	0.57	0.59	-1.15
O401	-0.96	1.04	-0.08
O402	-0.97	1.03	-0.06
O403	1.15	-0.58	-0.58
O404	0.00	0.00	0.00
O405	-0.36	1.13	-0.77
O406	0.96	0.07	-1.03
O407	-0.71	1.14	-0.43
O408	-0.58	-0.58	1.15
O409	0.61	0.55	-1.15
O410	0.87	-1.09	0.22
O411	0.77	0.36	-1.13
O412	0.00	0.00	0.00
O413	1.14	-0.72	-0.42
O414	-0.76	1.13	-0.37
O415	0.43	0.71	-1.14
O416	-1.12	0.32	0.80
O417	-1.10	0.24	0.86
O418	-1.15	0.65	0.50
O419	1.15	-0.53	-0.63
O420	-1.05	0.11	0.94
O421	-1.15	0.53	0.62
O422	1.05	-0.11	-0.94
O423	-0.88	1.09	-0.20
O424	1.15	-0.59	-0.56
O425	0.94	0.10	-1.05
O426	0.00	0.00	0.00
O427	1.15	-0.45	-0.70
O428	0.61	0.54	-1.15
O429	-1.10	0.85	0.26
O430	0.88	0.21	-1.09
O431	0.16	-1.07	0.91
O432	0.31	0.81	-1.12
O433	-0.92	1.07	-0.15
O434	0.46	0.69	-1.15
O435	0.00	0.00	0.00
O436	-0.02	-0.99	1.01
O437	-1.03	0.96	0.07
O438	0.68	-1.15	0.47
O439	1.06	-0.15	-0.92
O440	0.27	0.84	-1.11
O441	-1.02	0.04	0.98
O442	-0.94	-0.11	1.05
O443	-0.38	1.13	-0.76
O444	-1.15	0.61	0.54
O445	1.08	-0.18	-0.90
O446	0.95	0.10	-1.05
O447	1.15	-0.58	-0.58
O448	-0.18	1.08	-0.90
O449	1.15	-0.58	-0.58
O450	-1.14	0.73	0.41
O451	-1.11	0.28	0.83
O452	1.15	-0.57	-0.58
O453	0.98	0.05	-1.02
O454	0.93	0.13	-1.06
O455	-0.58	-0.58	1.15
O456	1.15	-0.58	-0.58
O457	1.15	-0.58	-0.58
O458	0.59	0.57	-1.15
O459	0.00	0.00	0.00
O460	-1.05	0.11	0.94
O461	-0.58	1.15	-0.58
O462	-1.11	0.83	0.27
O463	0.52	0.63	-1.15
O464	-0.20	-0.89	1.08
O465	-1.03	0.07	0.96
O466	-0.74	1.14	-0.39
O467	0.00	0.00	0.00
O468	-0.58	-0.58	1.15
O469	-0.05	1.02	-0.98
O470	-1.09	0.21	0.88
O471	-1.08	0.19	0.89
O472	0.73	0.41	-1.14
O473	1.13	-0.78	-0.35
O474	-0.93	-0.13	1.06
O475	-0.60	1.15	-0.56
O476	-1.13	0.77	0.36
O477	1.15	-0.53	-0.63
O478	0.00	0.00	0.00
O479	0.94	0.11	-1.05
O480	1.15	-0.63	-0.52
O481	-1.15	0.46	0.69
O482	1.12	-0.32	-0.80
O483	-1.15	0.67	0.48
O484	0.92	0.15	-1.07
O485	-1.15	0.69	0.46
O486	-1.15	0.60	0.55
O487	-1.15	0.64	0.51
O488	0.88	0.21	-1.09
O489	-1.15	0.47	0.68
O490	-1.15	0.64	0.52
O491	1.13	-0.76	-0.37
O492	0.00	0.00	0.00
O493	-1.14	0.75	0.39
O494	-0.58	-0.58	1.15
O495	-1.14	0.44	0.70
O496	1.10	-0.26	-0.85
O497	1.06	-0.13	-0.93
O498	0.91	0.16	-1.07
O499	-0.58	-0.58	1.15
O500	0.00	0.00	0.00
O501	1.15	-0.60	-0.55
O502	-1.15	0.51	0.64
O503	1.08	-0.89	-0.19
O504	-0.58	1.15	-0.58
O505	1.13	-0.35	-0.78
O506	-1.15	0.52	0.64
O507	-1.08	0.20	0.89
O508	1.10	-0.26	-0.85
O509	-1.14	0.71	0.43
O510	-1.15	0.60	0.55
O511	-1.12	0.31	0.81
O512	1.15	-0.58	-0.58
O513	-0.77	-0.36	1.13
O514	0.48	0.67	-1.15
O515	1.15	-0.58	-0.58
O516	0.00	0.00	0.00
O517	0.08	0.96	-1.04
O518	0.88	0.20	-1.09
O519	1.12	-0.32	-0.80
O520	1.15	-0.58	-0.58
O521	1.15	-0.65	-0.50
O522	0.52	0.64	-1.15
O523	-0.71	-0.43	1.14
O524	-1.14	0.44	0.71
O525	-1.12	0.80	0.33
O526	-1.10	0.26	0.85
O527	-1.14	0.39	0.75
O528	-1.14	0.71	0.44
O529	-1.15	0.66	0.49
O530	1.00	-0.01	-1.00
O531	1.14	-0.44	-0.71
O532	1.15	-0.58	-0.58
O533	1.14	-0.38	-0.75
O534	-1.15	0.62	0.53
O535	1.15	-0.51	-0.64
O536	0.73	-1.14	0.41
O537	1.07	-0.15	-0.91
O538	-0.03	-0.99	1.01
O539	-1.13	0.36	0.77
O540	1.07	-0.16	-0.91
O541	-1.15	0.45	0.70
O542	0.00	0.00	0.00
O543	0.00	0.00	0.00
O544	-1.13	0.77	0.36
O545	-1.13	0.35	0.77
O546	-0.75	-0.38	1.14
O547	1.04	-0.09	-0.95
O548	-1.15	0.61	0.54
O549	-0.91	1.07	-0.17
O550	1.04	-0.96	-0.08
O551	0.00	0.00	0.00
O552	1.12	-0.31	-0.80
O553	1.15	-0.58	-0.58
O554	1.15	-0.58	-0.58
O555	0.42	0.72	-1.14
O556	-1.14	0.75	0.39
O557	0.69	0.45	-1.15
O558	-0.58	-0.58	1.15
O559	1.15	-0.58	-0.58
O560	-1.06	0.14	0.92
O561	-0.63	1.15	-0.52
O562	1.15	-0.58	-0.58
O563	-1.05	0.11	0.94
O564	-1.12	0.32	0.80
O565	-1.13	0.35	0.77
O566	0.45	0.70	-1.15
O567	1.15	-0.54	-0.61
O568	0.85	0.25	-1.10
O569	0.00	0.00	0.00
O570	-1.15	0.53	0.63
O571	1.07	-0.15	-0.92
O572	-1.15	0.57	0.58
O573	1.15	-0.45	-0.69
O574	0.57	0.59	-1.15
O575	0.62	-1.15	0.53
O576	-0.88	1.09	-0.21
O577	-1.09	0.23	0.87
O578	-1.12	0.30	0.81
O579	1.04	-0.07	-0.96
O580	1.14	-0.42	-0.72
O581	-1.04	0.09	0.95
O582	1.13	-0.36	-0.77
O583	-1.14	0.74	0.39
O584	-1.08	0.90	0.18
O585	0.00	0.00	0.00
O586	0.00	0.00	0.00
O587	-1.15	0.62	0.53
O588	0.74	0.39	-1.14
O589	-1.12	0.80	0.32
O590	0.88	-1.09	0.20
O591	1.11	-0.27	-0.84
O592	0.95	0.10	-1.05
O593	0.81	0.30	-1.12
O594	1.14	-0.43	-0.71
O595	0.00	0.00	0.00
O596	1.15	-0.58	-0.58
O597	-0.58	-0.58	1.15
O598	-1.15	0.53	0.63
O599	-1.10	0.25	0.85
O600	-1.15	0.57	0.59
O601	-0.82	-0.29	1.11
O602	0.03	0.98	-1.02
O603	-1.15	0.64	0.52
O604	0.69	0.46	-1.15
O605	1.15	-0.55	-0.60
O606	-1.05	0.95	0.10
O607	0.66	0.49	-1.15
O608	1.01	-0.99	-0.02
O609	1.15	-0.58	-0.58
O610	1.15	-0.47	-0.68
O611	-1.01	0.02	0.99
O612	-1.12	0.30	0.82
O613	0.00	0.00	0.00
O614	-0.41	1.14	-0.73
O615	1.15	-0.68	-0.47
O616	-0.58	1.15	-0.58
O617	-0.24	1.10	-0.86
O618	1.02	-0.05	-0.98
O619	1.15	-0.58	-0.58
O620	1.09	-0.23	-0.87
O621	0.33	0.79	-1.12
O622	1.15	-0.53	-0.62
O623	-0.86	-0.24	1.10
O624	-1.02	0.05	0.98
O625	0.96	-1.03	0.07
O626	1.15	-0.52	-0.63
O627	1.09	-0.21	-0.88
O628	0.40	-1.14	0.73
O629	1.14	-0.73	-0.41
O630	-0.29	1.11	-0.82
O631	1.15	-0.59	-0.56
O632	-1.09	0.88	0.21
O633	1.15	-0.58	-0.58
O634	1.15	-0.58	-0.58
O635	-0.98	-0.03	1.02
O636	1.15	-0.58	-0.58
O637	0.20	0.88	-1.09
O638	-1.08	0.90	0.18
O639	0.00	0.00	0.00
O640	-0.82	1.11	-0.29
O641	-1.02	0.04	0.98
O642	1.14	-0.44	-0.71
O643	1.15	-0.58	-0.58
O644	0.74	0.39	-1.14
O645	-1.15	0.50	0.65
O646	-0.47	1.15	-0.68
O647	-0.58	1.15	-0.58
O648	1.14	-0.43	-0.72
O649	0.00	0.00	0.00
O650	-1.15	0.69	0.45
O651	-0.32	1.12	-0.80
O652	-0.58	1.15	-0.58
O653	-0.01	-0.99	1.01
O654	1.15	-0.58	-0.58
O655	-1.06	0.93	0.13
O656	-1.15	0.56	0.59
O657	-1.07	0.16	0.91
O658	1.15	-0.58	-0.57
O659	-1.14	0.40	0.74
O660	-1.05	0.93	0.12
O661	1.14	-0.40	-0.73
O662	-1.14	0.39	0.75
O663	1.15	-0.52	-0.63
O664	0.00	0.00	0.00
O665	-1.10	0.84	0.26
O666	-0.62	-0.54	1.15
O667	-0.34	1.12	-0.79
O668	1.13	-0.36	-0.77
O669	-1.14	0.71	0.43
O670	1.03	-0.06	-0.97
O671	-1.15	0.51	0.64
O672	1.14	-0.39	-0.75
O673	1.15	-0.70	-0.45
O674	-0.69	-0.45	1.15
O675	1.07	-0.15	-0.92
O676	1.10	-0.26	-0.84
O677	1.05	-0.11	-0.94
O678	-1.15	0.51	0.64
O679	-1.15	0.57	0.58
O680	-1.13	0.34	0.78
O681	-0.58	-0.58	1.15
O682	0.59	0.56	-1.15
O683	0.69	0.46	-1.15
O684	1.15	-0.60	-0.56
O685	-0.92	-0.15	1.07
O686	-0.93	-0.13	1.06
O687	0.61	0.54	-1.15
O688	0.62	0.53	-1.15
O689	-1.06	0.92	0.14
O690	1.15	-0.58	-0.58
O691	1.00	0.00	-1.00
O692	0.00	0.00	0.00
O693	1.11	-0.28	-0.83
O694	0.55	0.60	-1.15
O695	0.89	-1.08	0.19
O696	-1.14	0.71	0.43
O697	1.08	-0.89	-0.19
O698	-1.15	0.59	0.57
O699	0.00	0.00	0.00
O700	0.48	-1.15	0.67
O701	0.17	-1.08	0.90
O702	1.07	-0.17	-0.91
O703	0.08	0.96	-1.04
O704	-1.00	0.00	1.00
O705	1.13	-0.37	-0.76
O706	0.00	0.00	0.00
O707	-0.50	1.15	-0.65
O708	-1.10	0.86	0.24
O709	1.00	-0.01	-1.00
O710	1.15	-0.58	-0.58
O711	0.53	-1.15	0.63
O712	-0.89	-0.19	1.08
O713	0.39	0.75	-1.14
O714	1.12	-0.82	-0.30
O715	1.15	-0.55	-0.60
O716	0.54	0.62	-1.15
O717	1.04	-0.09	-0.95
O718	1.12	-0.31	-0.81
O719	0.00	0.00	0.00
O720	-0.19	-0.89	1.08
O721	0.00	0.00	0.00
O722	1.06	-0.14	-0.92
O723	1.15	-0.58	-0.58
O724	1.11	-0.29	-0.82
O725	-0.98	-0.05	1.02
O726	-0.71	1.14	-0.43
O727	1.12	-0.33	-0.80
O728	-1.15	0.55	0.61
O729	0.99	0.02	-1.01
O730	0.00	0.00	0.00
O731	-1.15	0.62	0.53
O732	-1.12	0.30	0.82
O733	0.62	0.54	-1.15
O734	0.65	-1.15	0.50
O735	-0.39	1.14	-0.75
O736	0.00	0.00	0.00
O737	-1.15	0.47	0.68
O738	-0.58	-0.58	1.15
O739	-1.13	0.35	0.78
O740	-1.15	0.53	0.62
O741	0.69	0.45	-1.15
O742	0.00	0.00	0.00
O743	-1.15	0.49	0.66
O744	1.12	-0.31	-0.81
O745	0.62	0.53	-1.15
O746	0.49	0.66	-1.15
O747	-1.15	0.67	0.47
O748	1.15	-0.60	-0.56
O749	0.70	0.44	-1.15
O750	-0.79	1.12	-0.34
O751	0.79	0.34	-1.12
O752	0.00	0.00	0.00
O753	1.07	-0.15	-0.92
O754	0.79	-1.12	0.33
O755	-0.78	1.13	-0.35
O756	1.15	-0.58	-0.58
O757	-1.02	0.98	0.05
O758	-0.93	1.06	-0.12
O759	-1.09	0.87	0.22
O760	-1.08	0.90	0.18
O761	0.85	0.25	-1.10
O762	-0.07	1.03	-0.96
O763	0.64	0.51	-1.15
O764	-1.15	0.54	0.61
O765	0.77	0.36	-1.13
O766	1.10	-0.25	-0.85
O767	0.00	1.00	-1.00
O768	0.71	0.43	-1.14
O769	1.15	-0.58	-0.58
O770	0.00	0.00	0.00
O771	1.14	-0.41	-0.73
O772	-1.15	0.55	0.60
O773	0.00	0.00	0.00
O774	-0.98	1.02	-0.03
O775	0.00	0.00	0.00
O776	1.05	-0.12	-0.94
O777	-0.99	-0.02	1.01
O778	-1.15	0.69	0.45
O779	0.22	0.87	-1.09
O780	0.75	-1.14	0.39
O781	-0.91	1.07	-0.15
O782	1.13	-0.78	-0.35
O783	-1.12	0.32	0.80
O784	0.96	0.08	-1.04
O785	-0.86	1.10	-0.24
O786	1.03	-0.07	-0.97
O787	0.59	-1.15	0.56
O788	0.87	0.23	-1.09
O789	1.15	-0.58	-0.58
O790	-0.58	1.15	-0.58
O791	-0.58	-0.58	1.15
O792	1.08	-0.20	-0.89
O793	-1.15	0.66	0.49
O794	1.12	-0.31	-0.81
O795	-1.15	0.65	0.50
O796	-0.11	1.05	-0.94
O797	1.15	-0.58	-0.58
O798	0.00	0.00	0.00
O799	0.46	-1.15	0.69
O800	1.09	-0.87	-0.22
O801	0.03	-1.02	0.98
O802	-0.83	-0.28	1.11
O803	-1.15	0.66	0.49
O804	-0.82	-0.30	1.12
O805	0.89	0.19	-1.08
O806	0.00	0.00	0.00
O807	-1.15	0.69	0.45
O808	0.00	0.00	0.00
O809	-0.08	1.04	-0.96
O810	-1.15	0.69	0.45
O811	1.14	-0.74	-0.40
O812	1.12	-0.31	-0.81
O813	-1.15	0.67	0.48
O814	-0.93	-0.13	1.06
O815	0.60	0.55	-1.15
O816	-1.14	0.73	0.41
O817	0.80	0.32	-1.12
O818	0.89	0.20	-1.08
O819	1.15	-0.58	-0.58
O820	1.14	-0.70	-0.44
O821	1.11	-0.27	-0.84
O822	1.11	-0.27	-0.84
O823	0.03	-1.01	0.98
O824	-1.15	0.52	0.64
O825	-0.58	-0.58	1.15
O826	0.00	0.00	0.00
O827	-1.12	0.81	0.31
O828	0.04	-1.02	0.98
O829	1.07	-0.17	-0.91
O830	1.15	-0.58	-0.58
O831	1.09	-0.87	-0.23
O832	-0.57	-0.58	1.15
O833	-0.61	1.15	-0.55
O834	1.11	-0.82	-0.30
O835	0.00	0.00	0.00
O836	0.24	0.86	-1.10
O837	-0.91	-0.16	1.07
O838	-1.15	0.68	0.46
O839	0.60	0.55	-1.15
O840	0.35	0.78	-1.13
O841	0.00	0.00	0.00
O842	-1.15	0.46	0.69
O843	0.00	0.00	0.00
O844	-0.55	-0.60	1.15
O845	0.87	0.23	-1.09
O846	-1.14	0.73	0.41
O847	1.12	-0.34	-0.79
O848	0.00	0.00	0.00
O849	0.00	0.00	0.00
O850	0.00	0.00	0.00
O851	-1.14	0.71	0.43
O852	-1.11	0.28	0.83
O853	-0.73	1.14	-0.41
O854	-0.87	-0.22	1.09
O855	1.07	-0.15	-0.92
O856	1.07	-0.92	-0.15
O857	0.77	0.36	-1.13
O858	1.07	-0.16	-0.91
O859	1.15	-0.58	-0.58
O860	-1.12	0.79	0.33
O861	1.06	-0.93	-0.12
O862	0.46	0.69	-1.15
O863	-1.15	0.65	0.50
O864	1.05	-0.10	-0.94
O865	0.88	0.21	-1.09
O866	1.15	-0.57	-0.58
O867	-1.08	0.19	0.89
O868	0.00	0.00	0.00
O869	-1.15	0.56	0.59
O870	-1.15	0.45	0.70
O871	0.71	0.43	-1.14
O872	-1.07	0.17	0.90
O873	0.00	0.00	0.00
O874	0.97	0.06	-1.03
O875	1.15	-0.58	-0.58
O876	-0.69	1.15	-0.46
O877	0.77	0.36	-1.13
O878	1.15	-0.51	-0.64
O879	-1.15	0.62	0.53
O880	-1.05	0.10	0.95
O881	-0.93	-0.12	1.06
O882	0.56	0.59	-1.15
O883	0.18	0.90	-1.08
O884	0.00	0.00	0.00
O885	0.00	0.00	0.00
O886	-1.04	0.95	0.09
O887	1.15	-0.58	-0.58
O888	-1.08	0.17	0.90
O889	0.00	0.00	0.00
O890	0.00	0.00	0.00
O891	-0.62	1.15	-0.53
O892	1.14	-0.70	-0.44
O893	-1.15	0.53	0.63
O894	-1.14	0.44	0.71
O895	0.77	0.36	-1.13
O896	1.10	-0.23	-0.86
O897	1.04	-0.09	-0.95
O898	-0.86	-0.24	1.10
O899	1.11	-0.29	-0.82
O900	-0.97	-0.05	1.03
O901	1.15	-0.46	-0.69
O902	-0.79	1.13	-0.34
O903	1.15	-0.58	-0.58
O904	-1.09	0.22	0.87
O905	0.00	0.00	0.00
O906	-0.58	-0.58	1.15
O907	0.95	0.09	-1.04
O908	0.90	0.17	-1.08
O909	0.69	0.46	-1.15
O910	-1.15	0.55	0.60
O911	1.15	-0.47	-0.68
O912	-0.58	-0.58	1.15
O913	1.01	-0.02	-0.99
O914	0.00	0.00	0.00
O915	-0.16	1.07	-0.91
O916	0.97	0.05	-1.02
O917	1.00	-0.00	-1.00
O918	-0.21	1.09	-0.88
O919	1.08	-0.18	-0.90
O920	-1.09	0.87	0.22
O921	-1.14	0.70	0.44
O922	-1.15	0.49	0.66
O923	0.94	0.11	-1.05
O924	1.00	0.00	-1.00
O925	-0.72	1.14	-0.42
O926	-1.15	0.68	0.47
O927	-0.58	-0.58	1.15
O928	0.00	0.00	0.00
O929	1.15	-0.58	-0.58
O930	-0.46	-0.69	1.15
O931	-1.10	0.85	0.25
O932	1.13	-0.36	-0.77
O933	0.00	0.00	0.00
O934	0.92	-1.06	0.14
O935	-1.12	0.31	0.81
O936	0.00	0.00	0.00
O937	0.60	0.56	-1.15
O938	0.00	0.00	0.00
O939	0.25	0.85	-1.10
O940	-0.09	1.04	-0.95
O941	-1.15	0.50	0.65
O942	-0.64	-0.51	1.15
O943	0.73	0.42	-1.14
O944	-0.58	-0.58	1.15
O945	1.04	-0.07	-0.96
O946	-1.08	0.20	0.89
O947	-1.15	0.56	0.59
O948	0.68	0.47	-1.15
O949	-1.13	0.77	0.36
O950	1.11	-0.27	-0.84
O951	-1.14	0.39	0.74
O952	1.15	-0.65	-0.50
O953	1.10	-0.26	-0.85
O954	0.00	0.00	0.00
O955	0.97	0.05	-1.02
O956	1.09	-0.23	-0.87
O957	0.83	0.28	-1.11
O958	-0.60	1.15	-0.55
O959	-1.14	0.71	0.43
O960	1.12	-0.80	-0.32
O961	1.04	-0.09	-0.95
O962	-0.98	-0.04	1.02
O963	-1.14	0.42	0.72
O964	0.57	0.58	-1.15
O965	0.72	0.43	-1.14
O966	0.85	0.26	-1.10
O967	-0.60	-0.56	1.15
O968	1.08	-0.89	-0.19
O969	1.15	-0.58	-0.58
O970	0.72	-1.14	0.42
O971	0.00	0.00	0.00
O972	1.15	-0.58	-0.58
O973	0.00	0.00	0.00
O974	1.15	-0.57	-0.58
O975	-1.14	0.38	0.75
O976	-1.00	1.00	0.01
O977	0.58	0.57	-1.15
O978	-1.15	0.56	0.60
O979	-1.15	0.65	0.50
O980	-1.15	0.62	0.53
O981	-0.79	-0.33	1.12
O982	1.13	-0.37	-0.76
O983	0.00	0.00	0.00
O984	1.15	-0.58	-0.58
O985	0.88	-1.09	0.21
O986	1.15	-0.58	-0.58
O987	-0.89	1.08	-0.20
O988	0.80	0.32	-1.12
O989	0.89	0.20	-1.08
O990	-0.85	-0.25	1.10
O991	-1.15	0.59	0.56
O992	1.15	-0.59	-0.56
O993	1.10	-0.23	-0.86
O994	-1.10	0.26	0.85
O995	-0.62	-0.53	1.15
O996	-0.91	-0.16	1.07
O997	-0.64	1.15	-0.51
O998	1.13	-0.36	-0.77
O999	1.15	-0.58	-0.58
O1000	0.06	0.97	-1.03