ID	t0	t1	t2	t3
O01	-0.83	-0.83	0.49	1.17
O02	0.66	-0.25	-1.30	0.90
O03	-0.13	0.92	0.56	-1.35
O04	-1.39	0.69	0.76	-0.07
O05	-0.07	0.97	0.46	-1.36
O06	0.36	0.79	0.31	-1.46
O07	0.05	0.66	0.72	-1.43
O08	0.06	0.65	0.72	-1.43
O09	-0.24	0.91	0.63	-1.31
O10	-0.25	0.86	0.70	-1.31
O11	-0.48	0.66	0.98	-1.17
O12	0.23	0.76	0.47	-1.46
O13	0.26	0.78	0.43	-1.47
O14	-0.63	0.83	0.87	-1.08
O15	-0.33	0.65	0.94	-1.26
O16	-0.51	0.59	1.05	-1.13
O17	0.03	1.19	0.03	-1.26
O18	-0.28	1.08	0.45	-1.25
O19	0.49	0.64	0.36	-1.49
O20	-0.36	1.05	0.53	-1.22
O21	-0.16	0.98	0.51	-1.33
O22	-0.73	0.99	0.73	-0.98
O23	-0.52	1.23	0.34	-1.05
O24	-0.02	0.77	0.65	-1.41
O25	0.05	0.63	0.75	-1.43
O26	-0.44	1.20	0.35	-1.12
O27	0.23	0.65	0.60	-1.47
O28	-0.70	0.77	0.94	-1.02
O29	0.04	0.74	0.65	-1.43
O30	0.34	0.72	0.42	-1.48
O31	-0.02	0.89	0.52	-1.39
O32	-0.27	0.62	0.94	-1.29
O33	-0.85	-0.85	1.08	0.62
O34	0.00	0.00	0.00	0.00
O35	0.38	0.76	0.32	-1.47
O36	0.00	0.00	0.00	0.00
O37	1.50	-0.50	-0.50	-0.50
O38	1.03	0.69	-0.86	-0.86
O39	-1.27	0.93	-0.32	0.65
O40	0.82	0.46	0.16	-1.44
O41	0.91	0.38	0.12	-1.42
O42	0.85	0.39	0.20	-1.44
O43	0.66	0.49	0.34	-1.49
O44	0.78	0.41	0.27	-1.46
O45	0.78	0.48	0.19	-1.45
O46	0.80	0.36	0.30	-1.46
O47	-0.91	0.74	0.98	-0.82
O48	0.67	0.40	0.42	-1.49
O49	0.66	0.50	0.33	-1.49
O50	0.73	0.42	0.33	-1.48
O51	0.75	0.51	0.20	-1.46
O52	0.79	0.49	0.16	-1.45
O53	0.70	0.46	0.32	-1.48
O54	0.00	0.00	0.00	0.00
O55	-0.50	1.50	-0.50	-0.50
O56	1.12	0.56	-0.84	-0.84
O57	-0.50	-0.50	-0.50	1.50
O58	-0.86	0.70	1.01	-0.86
O59	0.00	0.00	0.00	0.00
O60	0.00	0.00	0.00	0.00
O61	-0.85	0.61	-0.85	1.09
O62	0.83	-0.87	-0.87	0.90
O63	-0.86	0.72	1.00	-0.86
O64	0.99	0.73	-0.86	-0.86
O65	-1.23	-0.40	0.87	0.76
O66	-0.66	0.27	1.29	-0.91
O67	0.79	-0.86	-0.86	0.94
O68	-1.45	0.18	0.50	0.78
O69	1.50	-0.50	-0.50	-0.50
O70	0.00	0.00	0.00	0.00
O71	0.37	0.80	0.28	-1.46
O72	-0.87	-0.87	0.81	0.92
O73	0.63	0.52	-1.49	0.33
O74	-1.33	0.06	0.18	1.09
O75	-1.36	-0.14	0.86	0.64
O76	-0.66	-0.30	-0.52	1.48
O77	1.50	-0.50	-0.50	-0.50
O78	-0.86	0.76	0.97	-0.86
O79	0.00	0.00	0.00	0.00
O80	-0.85	-0.85	1.05	0.66
O81	1.50	-0.50	-0.50	-0.50
O82	1.50	-0.50	-0.50	-0.50
O83	-1.46	0.32	0.83	0.30
O84	-0.50	-0.50	-0.50	1.50
O85	-1.44	0.12	0.54	0.79
O86	1.50	-0.46	-0.58	-0.46
O87	-1.48	0.25	0.55	0.67
O88	0.00	0.00	0.00	0.00
O89	0.45	-0.02	-1.38	0.95
O90	1.29	0.23	-0.49	-1.03
O91	0.00	0.00	0.00	0.00
O92	-0.06	1.04	0.35	-1.34
O93	1.50	-0.50	-0.50	-0.50
O94	1.50	-0.50	-0.50	-0.50
O95	-0.86	-0.86	0.71	1.01
O96	1.42	-0.22	-0.28	-0.92
O97	0.96	0.76	-0.86	-0.86
O98	0.92	0.35	0.15	-1.42
O99	0.85	0.62	-0.09	-1.38
O100	0.00	0.00	0.00	0.00
O101	0.00	0.00	0.00	0.00
O102	-0.50	-0.50	-0.50	1.50
O103	0.33	-1.48	0.75	0.40
O104	0.00	0.00	0.00	0.00
O105	0.00	0.00	0.00	0.00
O106	0.00	0.00	0.00	0.00
O107	-0.50	-0.50	-0.50	1.50
O108	1.16	0.37	-0.34	-1.18
O109	0.00	0.00	0.00	0.00
O110	0.02	1.07	0.26	-1.34
O111	0.00	0.00	0.00	0.00
O112	0.00	0.00	0.00	0.00
O113	0.00	0.00	0.00	0.00
O114	1.44	-0.42	-0.85	-0.18
O115	0.00	0.00	0.00	0.00
O116	0.68	1.03	-0.86	-0.86
O117	1.10	0.60	-0.85	-0.85
O118	0.02	0.96	0.41	-1.38
O119	0.47	0.70	-1.48	0.30
O120	0.58	-1.49	0.31	0.60
O121	-0.86	-0.86	0.70	1.02
O122	0.89	-0.87	-0.87	0.84
O123	0.00	0.00	0.00	0.00
O124	0.00	0.89	0.51	-1.40
O125	0.37	-0.42	-1.13	1.19
O126	0.00	0.00	0.00	0.00
O127	0.00	0.00	0.00	0.00
O128	0.77	0.60	0.06	-1.43
O129	1.06	0.64	-0.85	-0.85
O130	1.08	0.62	-0.85	-0.85
O131	0.68	0.60	0.19	-1.47
O132	1.50	-0.50	-0.50	-0.50
O133	-0.27	0.80	0.77	-1.30
O134	-0.81	-0.81	0.40	1.23
O135	0.00	0.00	0.00	0.00
O136	0.14	0.97	-1.40	0.29
O137	0.00	0.00	0.00	0.00
O138	-0.24	0.08	1.29	-1.13
O139	0.99	0.58	-1.26	-0.32
O140	-0.50	-0.50	-0.50	1.50
O141	-0.50	-0.50	-0.50	1.50
O142	1.12	0.57	-0.84	-0.84
O143	-0.84	-0.84	0.52	1.15
O144	0.30	-1.48	0.52	0.67
O145	0.79	-0.00	-1.41	0.62
O146	1.50	-0.50	-0.50	-0.50
O147	1.33	0.20	-0.87	-0.66
O148	1.50	-0.50	-0.50	-0.50
O149	0.91	0.38	-1.42	0.13
O150	1.16	0.51	-0.83	-0.83
O151	0.00	0.00	0.00	0.00
O152	1.18	0.48	-0.75	-0.90
O153	0.00	0.00	0.00	0.00
O154	-0.85	0.59	1.10	-0.85
O155	0.00	0.00	0.00	0.00
O156	-0.87	-0.87	0.90	0.83
O157	1.15	0.53	-0.84	-0.83
O158	1.03	0.68	-0.86	-0.86
O159	-0.50	-0.50	-0.50	1.50
O160	0.84	0.64	-0.11	-1.37
O161	1.50	-0.50	-0.50	-0.50
O162	0.75	0.97	-0.86	-0.86
O163	-0.50	1.50	-0.50	-0.50
O164	1.28	0.23	-1.06	-0.45
O165	-0.50	-0.50	1.50	-0.50
O166	0.43	0.60	0.46	-1.50
O167	0.00	0.00	0.00	0.00
O168	1.43	-0.09	-0.79	-0.56
O169	-0.50	-0.50	-0.50	1.50
O170	-0.86	1.01	0.70	-0.86
O171	0.76	0.53	0.16	-1.45
O172	-1.09	-0.58	1.06	0.61
O173	0.87	0.48	0.06	-1.41
O174	-0.90	1.34	0.16	-0.60
O175	0.62	1.08	-0.85	-0.85
O176	1.25	-0.37	0.23	-1.11
O177	-0.85	0.66	1.05	-0.85
O178	1.09	0.55	-0.54	-1.10
O179	0.00	0.00	0.00	0.00
O180	0.87	0.87	-0.87	-0.87
O181	1.50	-0.50	-0.50	-0.50
O182	0.60	1.07	-0.58	-1.08
O183	-0.50	-0.50	1.50	-0.50
O184	0.00	0.00	0.00	0.00
O185	-0.87	-0.87	0.82	0.91
O186	0.00	0.00	0.00	0.00
O187	1.02	0.69	-0.86	-0.86
O188	0.00	0.00	0.00	0.00
O189	-0.50	-0.50	-0.50	1.50
O190	1.38	-0.79	-0.67	0.08
O191	0.64	1.06	-0.96	-0.74
O192	0.35	-1.49	0.56	0.59
O193	1.19	0.17	-1.24	-0.12
O194	-1.29	0.44	1.05	-0.20
O195	0.00	0.00	0.00	0.00
O196	0.94	0.49	-0.07	-1.36
O197	-0.85	-0.85	0.64	1.07
O198	-0.86	-0.86	0.70	1.02
O199	-0.50	-0.50	-0.50	1.50
O200	-1.46	0.21	0.52	0.74
O201	1.20	0.43	-0.95	-0.68
O202	-0.50	-0.50	-0.50	1.50
O203	-0.24	1.21	-1.20	0.23
O204	0.98	0.74	-0.86	-0.86
O205	1.50	-0.50	-0.50	-0.50
O206	-0.85	0.62	1.08	-0.85
O207	0.00	0.00	0.00	0.00
O208	0.36	0.46	0.67	-1.49
O209	0.69	0.25	-1.47	0.53
O210	1.15	0.52	-0.72	-0.95
O211	0.72	-0.86	1.00	-0.86
O212	0.74	0.32	-1.47	0.41
O213	0.00	0.00	0.00	0.00
O214	0.84	0.89	-0.87	-0.87
O215	0.89	0.84	-0.87	-0.87
O216	-1.33	-0.18	0.62	0.89
O217	-0.86	0.80	0.93	-0.86
O218	-0.86	-0.86	0.69	1.02
O219	-0.87	-0.87	0.91	0.82
O220	0.33	0.34	0.79	-1.46
O221	0.81	0.51	0.12	-1.44
O222	1.06	0.64	-0.85	-0.85
O223	0.54	0.48	-1.50	0.48
O224	-0.86	0.73	0.99	-0.86
O225	-1.47	0.22	0.62	0.63
O226	-0.86	-0.86	0.98	0.74
O227	0.00	0.00	0.00	0.00
O228	-0.50	-0.50	1.50	-0.50
O229	0.00	0.00	0.00	0.00
O230	0.00	0.00	0.00	0.00
O231	-0.86	-0.86	0.76	0.97
O232	-1.41	0.06	0.44	0.90
O233	0.00	0.00	0.00	0.00
O234	-0.50	-0.50	1.50	-0.50
O235	-0.50	-0.50	-0.50	1.50
O236	0.00	0.00	0.00	0.00
O237	-0.87	0.85	0.88	-0.87
O238	1.43	-0.06	-0.60	-0.77
O239	1.07	0.63	-0.85	-0.85
O240	-0.50	-0.50	1.50	-0.50
O241	0.00	0.00	0.00	0.00
O242	-0.65	-1.00	0.49	1.16
O243	0.99	0.73	-0.86	-0.86
O244	-0.86	-0.86	0.68	1.03
O245	1.38	0.07	-0.84	-0.62
O246	0.34	0.62	0.53	-1.49
O247	0.75	0.55	-1.45	0.15
O248	0.00	0.00	0.00	0.00
O249	0.06	-0.02	-1.24	1.20
O250	1.27	0.25	-0.47	-1.05
O251	-1.34	-0.17	0.61	0.90
O252	-0.84	-0.84	1.12	0.56
O253	1.01	0.71	-0.86	-0.86
O254	1.09	0.28	-1.31	-0.07
O255	-0.14	-0.83	-0.47	1.44
O256	0.00	0.00	0.00	0.00
O257	0.65	0.34	-1.49	0.50
O258	-1.50	0.40	0.58	0.52
O259	-1.25	-0.28	0.44	1.08
O260	1.06	0.64	-0.85	-0.85
O261	-0.73	-0.84	0.27	1.30
O262	0.77	0.96	-0.86	-0.86
O263	0.56	1.13	-0.84	-0.84
O264	0.91	-0.87	-0.87	0.82
O265	-0.50	-0.50	1.50	-0.50
O266	-0.50	-0.50	1.50	-0.50
O267	0.67	-1.49	0.42	0.40
O268	1.02	-0.02	-1.35	0.35
O269	-0.86	-0.86	0.75	0.97
O270	0.94	0.79	-0.86	-0.86
O271	0.00	0.00	0.00	0.00
O272	0.70	1.02	-0.86	-0.86
O273	0.67	0.52	-1.48	0.29
O274	-1.44	0.21	0.86	0.38
O275	-0.86	0.71	-0.86	1.01
O276	0.76	0.96	-0.86	-0.86
O277	-0.70	-0.69	-0.04	1.43
O278	-0.86	-0.86	1.00	0.72
O279	0.00	0.00	0.00	0.00
O280	-0.50	-0.50	1.50	-0.50
O281	0.82	-0.87	0.91	-0.87
O282	-0.86	-0.86	0.96	0.77
O283	1.36	0.14	-0.75	-0.75
O284	-0.25	-0.52	-0.70	1.47
O285	-1.44	0.15	0.48	0.82
O286	0.62	0.28	0.58	-1.48
O287	0.51	0.74	0.21	-1.46
O288	0.00	0.00	0.00	0.00
O289	-1.49	0.50	0.64	0.35
O290	1.05	0.66	-0.85	-0.85
O291	-1.48	0.27	0.57	0.64
O292	-0.46	-0.49	-0.54	1.50
O293	0.00	0.00	0.00	0.00
O294	-0.50	-0.50	-0.50	1.50
O295	0.94	0.79	-0.86	-0.86
O296	-0.50	-0.50	1.50	-0.50
O297	0.57	1.12	-0.80	-0.89
O298	0.67	1.04	-0.76	-0.95
O299	-1.45	0.16	0.49	0.79
O300	0.00	0.00	0.00	0.00
O301	0.00	0.00	0.00	0.00
O302	-0.50	-0.50	1.50	-0.50
O303	0.82	0.39	-1.46	0.25
O304	0.04	1.39	-0.87	-0.57
O305	0.61	0.59	-1.48	0.28
O306	-0.50	-0.50	-0.50	1.50
O307	0.56	0.44	-1.50	0.49
O308	0.68	0.98	-0.52	-1.14
O309	0.00	0.00	0.00	0.00
O310	-1.47	0.39	0.75	0.33
O311	0.00	0.00	0.00	0.00
O312	-0.84	1.12	0.57	-0.84
O313	-0.50	-0.50	1.50	-0.50
O314	1.19	0.47	-0.81	-0.85
O315	-1.41	0.03	0.55	0.84
O316	0.00	0.00	0.00	0.00
O317	0.00	0.00	0.00	0.00
O318	0.00	0.00	0.00	0.00
O319	0.00	0.00	0.00	0.00
O320	0.74	0.98	-0.86	-0.86
O321	-0.86	0.94	0.79	-0.86
O322	-0.83	-0.83	0.50	1.17
O323	1.50	-0.50	-0.50	-0.50
O324	0.09	0.99	-1.39	0.31
O325	-0.50	-0.50	-0.50	1.50
O326	0.61	0.61	0.26	-1.48
O327	0.32	0.69	0.47	-1.48
O328	-1.49	0.49	0.62	0.39
O329	0.67	1.04	-0.86	-0.86
O330	0.00	0.00	0.00	0.00
O331	-0.86	-0.86	0.77	0.96
O332	-0.84	-0.84	0.57	1.12
O333	-0.83	-0.83	0.50	1.16
O334	0.00	0.00	0.00	0.00
O335	0.59	0.68	0.20	-1.47
O336	-1.48	0.49	0.32	0.67
O337	-1.49	0.34	0.56	0.58
O338	-0.50	-0.50	-0.50	1.50
O339	0.30	-1.48	0.54	0.64
O340	-0.86	-0.86	0.78	0.95
O341	1.06	0.65	-0.85	-0.85
O342	-0.86	0.74	0.98	-0.86
O343	0.00	0.00	0.00	0.00
O344	-0.94	-0.60	0.23	1.31
O345	-1.15	1.28	0.07	-0.21
O346	0.83	-0.46	-1.19	0.82
O347	-0.84	-0.84	0.55	1.14
O348	0.00	0.00	0.00	0.00
O349	0.00	0.00	0.00	0.00
O350	0.00	0.00	0.00	0.00
O351	-0.85	0.04	1.39	-0.58
O352	0.00	0.00	0.00	0.00
O353	-0.85	-0.85	0.63	1.07
O354	-1.46	0.43	0.79	0.24
O355	0.00	0.00	0.00	0.00
O356	1.08	0.61	-0.98	-0.71
O357	1.11	0.58	-0.85	-0.85
O358	-1.48	0.45	0.73	0.29
O359	0.16	0.52	0.77	-1.45
O360	0.00	0.00	0.00	0.00
O361	0.00	0.00	0.00	0.00
O362	-0.50	-0.50	-0.50	1.50
O363	0.00	0.00	0.00	0.00
O364	0.00	0.00	0.00	0.00
O365	-0.50	1.50	-0.50	-0.50
O366	0.00	0.00	0.00	0.00
O367	0.00	0.00	0.00	0.00
O368	1.16	0.51	-0.74	-0.92
O369	0.00	0.00	0.00	0.00
O370	0.00	0.00	0.00	0.00
O371	1.08	0.62	-0.85	-0.85
O372	1.30	-0.42	-1.05	0.17
O373	0.00	0.00	0.00	0.00
O374	0.00	0.00	0.00	0.00
O375	0.00	0.00	0.00	0.00
O376	-0.86	-0.86	0.94	0.79
O377	0.99	0.73	-0.86	-0.86
O378	1.50	-0.50	-0.50	-0.50
O379	0.36	0.56	-1.49	0.58
O380	1.00	0.72	-0.86	-0.86
O381	1.50	-0.50	-0.50	-0.50
O382	-1.41	0.95	0.28	0.19
O383	1.08	0.59	-0.64	-1.04
O384	0.95	0.77	-0.86	-0.86
O385	-1.43	0.13	0.86	0.44
O386	-0.50	-0.50	-0.50	1.50
O387	-0.86	-0.86	1.02	0.70
O388	0.69	-0.86	-0.86	1.02
O389	1.22	0.37	-0.55	-1.04
O390	0.80	0.36	-1.46	0.31
O391	0.92	0.81	-0.87	-0.87
O392	0.00	0.00	0.00	0.00
O393	0.92	-0.87	-0.87	0.81
O394	-0.83	-0.83	0.51	1.16
O395	-0.84	-0.84	0.55	1.13
O396	0.00	0.00	0.00	0.00
O397	1.04	0.68	-0.86	-0.86
O398	0.46	-1.49	0.65	0.38
O399	0.00	0.00	0.00	0.00
O400	0.97	0.76	-0.86	-0.86
O401	0.00	0.00	0.00	0.00
O402	-1.05	-0.20	1.36	-0.10
O403	1.07	0.63	-0.85	-0.85
O404	-0.86	-0.86	0.78	0.95
O405	-0.50	-0.50	1.50	-0.50
O406	0.79	0.47	0.19	-1.45
O407	1.17	-0.49	0.42	-1.10
O408	-0.87	-0.87	0.84	0.89
O409	0.00	0.00	0.00	0.00
O410	0.00	0.00	0.00	0.00
O411	0.93	0.80	-0.86	-0.86
O412	-0.05	0.72	0.73	-1.40
O413	0.74	0.98	-0.76	-0.96
O414	0.00	0.00	0.00	0.00
O415	-0.84	1.12	0.57	-0.84
O416	-1.32	-0.09	1.06	0.34
O417	-0.08	0.64	-1.38	0.83
O418	1.50	-0.50	-0.50	-0.50
O419	1.09	0.61	-0.85	-0.85
O420	-0.84	-0.84	1.12	0.57
O421	-0.50	-0.50	-0.50	1.50
O422	0.81	0.80	-1.25	-0.37
O423	1.20	0.40	-1.02	-0.59
O424	0.00	0.00	0.00	0.00
O425	1.02	-1.12	0.64	-0.54
O426	-0.83	-0.83	0.49	1.17
O427	0.92	0.46	-1.40	0.02
O428	-1.10	-0.57	1.01	0.66
O429	-0.85	0.80	0.93	-0.88
O430	1.03	0.68	-0.86	-0.86
O431	-0.87	-0.87	0.92	0.81
O432	0.45	1.07	-0.27	-1.25
O433	1.11	0.58	-0.84	-0.84
O434	-0.50	-0.50	1.50	-0.50
O435	0.96	0.76	-0.86	-0.86
O436	-0.33	1.49	-0.59	-0.57
O437	0.00	0.00	0.00	0.00
O438	-1.45	0.19	0.43	0.83
O439	0.55	0.58	0.36	-1.49
O440	0.73	0.59	0.13	-1.45
O441	0.23	0.81	0.42	-1.46
O442	0.59	1.10	-0.85	-0.85
O443	-0.87	0.84	0.89	-0.87
O444	-0.50	1.50	-0.50	-0.50
O445	0.00	0.00	0.00	0.00
O446	0.96	0.26	-1.40	0.18
O447	1.50	-0.50	-0.50	-0.50
O448	-1.48	0.47	0.68	0.33
O449	0.34	0.96	0.10	-1.40
O450	-0.85	0.62	1.08	-0.85
O451	0.39	0.83	-1.45	0.24
O452	0.83	0.44	-1.45	0.18
O453	1.24	-0.85	0.38	-0.77
O454	0.00	0.00	0.00	0.00
O455	-0.84	-0.84	1.14	0.54
O456	1.50	-0.50	-0.50	-0.50
O457	1.28	0.31	-0.82	-0.78
O458	0.72	0.84	-1.31	-0.25
O459	1.05	0.53	-1.21	-0.37
O460	-0.87	-0.87	0.86	0.87
O461	0.00	0.00	0.00	0.00
O462	-1.32	-0.16	0.50	0.99
O463	0.95	0.78	-0.86	-0.86
O464	0.52	-0.07	-1.37	0.92
O465	-0.86	-0.86	0.72	1.00
O466	0.00	0.00	0.00	0.00
O467	0.99	-0.86	0.73	-0.86
O468	-0.50	1.50	-0.50	-0.50
O469	0.00	0.00	0.00	0.00
O470	-1.46	0.45	0.23	0.78
O471	-0.86	-0.86	0.96	0.77
O472	0.00	0.00	0.00	0.00
O473	1.14	0.51	-0.64	-1.01
O474	-1.46	0.19	0.61	0.67
O475	0.88	0.85	-0.85	-0.89
O476	1.12	0.56	-0.75	-0.93
O477	0.99	-0.86	-0.86	0.73
O478	-0.51	-0.58	-0.41	1.50
O479	1.50	-0.50	-0.50	-0.50
O480	1.33	0.17	-0.95	-0.55
O481	-0.85	-0.85	0.59	1.10
O482	1.50	-0.50	-0.50	-0.50
O483	0.00	0.00	0.00	0.00
O484	0.77	0.61	0.05	-1.43
O485	0.37	0.55	0.57	-1.49
O486	-0.21	0.31	-1.24	1.15
O487	0.00	0.00	0.00	0.00
O488	0.00	0.00	0.00	0.00
O489	-0.50	-0.50	-0.50	1.50
O490	0.00	0.00	0.00	0.00
O491	0.63	0.54	-1.49	0.32
O492	-1.38	0.70	0.77	-0.08
O493	0.96	0.74	-0.68	-1.03
O494	0.00	0.00	0.00	0.00
O495	1.41	-0.67	-0.74	0.00
O496	-0.50	-0.50	-0.50	1.50
O497	0.67	1.04	-0.87	-0.84
O498	1.03	0.66	-0.62	-1.06
O499	0.00	0.00	0.00	0.00
O500	0.90	-0.87	-0.87	0.83
O501	1.41	-0.03	-0.88	-0.50
O502	0.00	0.00	0.00	0.00
O503	-0.50	-0.50	-0.50	1.50
O504	0.68	0.80	-0.11	-1.37
O505	-1.38	1.02	0.20	0.16
O506	0.00	0.00	0.00	0.00
O507	0.00	0.00	0.00	0.00
O508	1.40	-0.05	-0.91	-0.45
O509	0.00	0.00	0.00	0.00
O510	0.87	0.61	-0.11	-1.37
O511	-1.38	0.04	0.34	1.00
O512	-0.84	1.13	0.56	-0.84
O513	0.00	0.00	0.00	0.00
O514	0.87	0.87	-0.85	-0.88
O515	1.01	0.71	-0.86	-0.86
O516	-0.60	-0.76	-0.07	1.43
O517	-1.05	-0.63	0.64	1.04
O518	0.00	0.00	0.00	0.00
O519	1.14	0.45	-0.47	-1.13
O520	0.69	1.02	-0.86	-0.86
O521	1.50	-0.50	-0.50	-0.50
O522	-0.50	-0.50	1.50	-0.50
O523	-1.40	0.04	0.46	0.91
O524	-1.45	0.21	0.39	0.84
O525	0.00	0.00	0.00	0.00
O526	0.00	0.00	0.00	0.00
O527	-1.40	-0.04	0.66	0.78
O528	1.50	-0.50	-0.50	-0.50
O529	0.34	0.53	-1.49	0.62
O530	1.21	0.14	-0.12	-1.23
O531	1.50	-0.50	-0.50	-0.50
O532	-0.50	1.50	-0.50	-0.50
O533	0.93	0.80	-0.86	-0.86
O534	0.00	0.00	0.00	0.00
O535	0.87	0.86	-0.87	-0.87
O536	0.00	0.00	0.00	0.00
O537	0.90	-0.87	-0.87	0.83
O538	0.21	0.90	0.32	-1.43
O539	-0.85	-0.85	0.63	1.07
O540	1.17	0.43	-0.50	-1.09
O541	-1.40	0.11	0.96	0.32
O542	0.00	0.00	0.00	0.00
O543	0.97	0.76	-0.86	-0.86
O544	-1.45	0.18	0.44	0.82
O545	-1.15	-0.28	1.25	0.18
O546	0.00	0.00	0.00	0.00
O547	-0.50	-0.50	-0.50	1.50
O548	0.00	0.00	0.00	0.00
O549	0.00	0.00	0.00	0.00
O550	0.81	-0.28	-1.30	0.77
O551	0.00	0.00	0.00	0.00
O552	1.08	0.62	-0.86	-0.85
O553	1.16	0.51	-0.84	-0.84
O554	0.00	0.00	0.00	0.00
O555	0.55	0.20	-1.47	0.71
O556	0.87	0.86	-0.87	-0.87
O557	-0.85	-0.85	1.11	0.59
O558	-0.50	1.50	-0.50	-0.50
O559	0.61	-0.24	-1.30	0.93
O560	0.87	0.86	-0.79	-0.94
O561	-0.86	0.67	1.04	-0.86
O562	0.00	0.00	0.00	0.00
O563	0.00	0.00	0.00	0.00
O564	-1.50	0.44	0.50	0.56
O565	-0.87	-0.87	0.92	0.81
O566	-0.50	-0.50	-0.50	1.50
O567	1.30	0.21	-1.01	-0.50
O568	0.00	0.00	0.00	0.00
O569	-1.01	-0.23	1.38	-0.14
O570	-0.50	-0.50	-0.50	1.50
O571	1.50	-0.50	-0.50	-0.50
O572	0.00	0.00	0.00	0.00
O573	1.49	-0.59	-0.32	-0.57
O574	0.05	-0.81	-0.63	1.39
O575	-0.50	1.50	-0.50	-0.50
O576	0.00	0.00	0.00	0.00
O577	-1.36	0.45	-0.06	0.97
O578	-0.92	-0.75	0.53	1.15
O579	1.04	0.56	-0.39	-1.21
O580	0.00	0.00	0.00	0.00
O581	0.97	0.75	-0.86	-0.86
O582	0.00	0.00	0.00	0.00
O583	0.00	0.00	0.00	0.00
O584	0.69	1.02	-0.86	-0.86
O585	0.00	0.00	0.00	0.00
O586	-1.07	-0.59	0.59	1.07
O587	0.00	0.00	0.00	0.00
O588	-0.85	-0.85	1.06	0.64
O589	-0.86	-0.86	1.00	0.72
O590	-0.87	-0.87	0.89	0.84
O591	1.12	0.51	-0.55	-1.08
O592	0.00	0.00	0.00	0.00
O593	1.06	0.65	-0.85	-0.85
O594	0.00	0.00	0.00	0.00
O595	0.93	0.64	-0.30	-1.27
O596	0.89	0.15	0.40	-1.43
O597	-0.50	-0.50	-0.50	1.50
O598	-0.46	1.41	-0.90	-0.05
O599	-0.50	-0.50	-0.50	1.50
O600	0.00	0.00	0.00	0.00
O601	-0.86	0.95	0.77	-0.86
O602	0.00	0.00	0.00	0.00
O603	0.00	0.00	0.00	0.00
O604	0.82	0.91	-0.87	-0.87
O605	1.42	-0.41	-0.90	-0.11
O606	0.00	0.00	0.00	0.00
O607	0.47	0.88	0.07	-1.41
O608	-0.85	-0.85	0.63	1.07
O609	0.86	0.57	-1.39	-0.04
O610	1.22	0.41	-0.90	-0.73
O611	1.50	-0.50	-0.50	-0.50
O612	-1.20	1.22	-0.19	0.17
O613	0.92	-0.87	-0.87	0.81
O614	-0.50	-0.50	1.50	-0.50
O615	0.81	0.46	-1.45	0.18
O616	-0.85	-0.85	1.08	0.62
O617	0.00	0.00	0.00	0.00
O618	0.36	1.00	0.01	-1.37
O619	1.12	0.57	-0.84	-0.84
O620	0.10	-1.44	0.58	0.76
O621	-0.00	0.81	0.60	-1.41
O622	0.00	0.00	0.00	0.00
O623	-1.49	0.48	0.41	0.61
O624	0.00	0.00	0.00	0.00
O625	0.74	0.42	-1.48	0.32
O626	0.99	0.74	-0.86	-0.86
O627	1.50	-0.50	-0.50	-0.50
O628	1.26	0.33	-0.72	-0.87
O629	0.90	0.55	-1.37	-0.08
O630	1.50	-0.50	-0.50	-0.50
O631	0.00	0.00	0.00	0.00
O632	-0.87	-0.87	0.86	0.87
O633	1.06	0.65	-0.85	-0.85
O634	0.75	0.67	-0.01	-1.41
O635	-0.84	-0.84	0.58	1.11
O636	-0.50	-0.50	1.50	-0.50
O637	1.30	0.26	-0.86	-0.70
O638	-0.50	-0.50	1.50	-0.50
O639	0.00	0.00	0.00	0.00
O640	0.00	0.00	0.00	0.00
O641	0.00	0.00	0.00	0.00
O642	0.00	0.00	0.00	0.00
O643	0.98	0.74	-0.86	-0.86
O644	1.21	0.43	-0.90	-0.74
O645	0.00	0.00	0.00	0.00
O646	0.00	0.00	0.00	0.00
O647	-1.31	0.01	1.12	0.17
O648	0.98	-0.86	-0.86	0.74
O649	0.00	0.00	0.00	0.00
O650	0.00	0.00	0.00	0.00
O651	-0.50	-0.50	-0.50	1.50
O652	-0.50	-0.50	1.50	-0.50
O653	-0.50	1.50	-0.50	-0.50
O654	0.00	0.00	0.00	0.00
O655	-1.42	0.03	0.70	0.70
O656	0.00	0.00	0.00	0.00
O657	0.00	0.00	0.00	0.00
O658	0.96	0.77	-0.86	-0.86
O659	0.00	0.00	0.00	0.00
O660	-0.86	-0.86	0.79	0.94
O661	1.10	0.53	-0.50	-1.12
O662	0.00	0.00	0.00	0.00
O663	1.05	0.66	-0.79	-0.92
O664	-0.84	-0.84	0.51	1.16
O665	0.00	0.00	0.00	0.00
O666	-0.98	1.06	0.64	-0.72
O667	-0.50	-0.50	-0.50	1.50
O668	0.00	0.00	0.00	0.00
O669	0.34	1.26	-0.76	-0.85
O670	0.70	-0.24	-1.31	0.85
O671	0.00	0.00	0.00	0.00
O672	1.17	0.49	-0.86	-0.81
O673	0.82	0.59	0.00	-1.41
O674	-1.41	0.03	0.50	0.87
O675	-0.86	-0.70	0.25	1.31
O676	1.50	-0.50	-0.50	-0.50
O677	1.50	-0.50	-0.50	-0.50
O678	-0.98	1.39	-0.32	-0.09
O679	0.52	0.16	-1.45	0.77
O680	-0.41	-1.00	0.06	1.35
O681	-0.86	-0.86	0.68	1.03
O682	0.00	0.00	0.00	0.00
O683	0.00	0.00	0.00	0.00
O684	0.73	0.99	-0.90	-0.82
O685	0.00	0.00	0.00	0.00
O686	-1.33	-0.22	0.72	0.82
O687	0.75	0.97	-0.86	-0.86
O688	-1.05	-0.66	0.81	0.90
O689	0.50	1.01	-0.21	-1.30
O690	0.49	0.83	0.12	-1.43
O691	0.00	0.00	0.00	0.00
O692	-1.47	0.22	0.53	0.72
O693	0.93	0.80	-0.86	-0.86
O694	0.00	0.00	0.00	0.00
O695	-0.50	-0.50	-0.50	1.50
O696	0.00	0.00	0.00	0.00
O697	1.50	-0.50	-0.50	-0.50
O698	-0.50	-0.50	-0.50	1.50
O699	-1.32	-0.22	0.67	0.87
O700	0.00	0.00	0.00	0.00
O701	0.00	0.00	0.00	0.00
O702	1.02	0.54	-0.31	-1.25
O703	-1.47	0.24	0.53	0.70
O704	0.00	0.00	0.00	0.00
O705	0.60	-1.50	0.47	0.42
O706	0.00	0.00	0.00	0.00
O707	-0.50	-0.50	-0.50	1.50
O708	-1.16	-0.35	0.31	1.20
O709	1.00	0.72	-0.86	-0.86
O710	0.00	0.00	0.00	0.00
O711	-0.50	-0.50	1.50	-0.50
O712	0.15	0.57	-1.45	0.74
O713	0.00	0.00	0.00	0.00
O714	0.69	0.44	-1.48	0.35
O715	1.13	0.56	-0.92	-0.76
O716	0.16	-1.46	0.60	0.70
O717	1.38	-0.45	0.01	-0.95
O718	1.14	0.54	-0.84	-0.84
O719	0.81	0.34	-1.46	0.31
O720	0.00	0.00	0.00	0.00
O721	-0.86	-0.86	0.69	1.03
O722	1.50	-0.50	-0.50	-0.50
O723	1.29	0.30	-0.79	-0.79
O724	0.37	0.62	0.50	-1.49
O725	0.84	0.89	-0.87	-0.87
O726	0.74	0.60	0.11	-1.45
O727	1.07	0.63	-0.85	-0.85
O728	0.00	0.00	0.00	0.00
O729	0.98	0.70	-0.56	-1.11
O730	-0.70	-0.79	0.11	1.37
O731	0.01	-0.88	-0.52	1.40
O732	0.00	0.00	0.00	0.00
O733	0.05	1.40	-0.75	-0.70
O734	0.00	0.00	0.00	0.00
O735	1.50	-0.50	-0.50	-0.50
O736	-1.32	0.50	0.99	-0.16
O737	0.00	0.00	0.00	0.00
O738	-0.86	-0.86	0.80	0.93
O739	-0.50	1.50	-0.50	-0.50
O740	-0.86	-0.86	0.80	0.93
O741	0.68	0.61	0.17	-1.46
O742	1.06	0.65	-0.85	-0.85
O743	0.00	0.00	0.00	0.00
O744	1.17	0.47	-0.63	-1.01
O745	0.00	0.00	0.00	0.00
O746	0.00	0.00	0.00	0.00
O747	-1.46	0.28	0.79	0.39
O748	1.50	-0.50	-0.50	-0.50
O749	0.63	0.50	0.36	-1.49
O750	-1.08	-0.59	0.64	1.04
O751	1.50	-0.50	-0.50	-0.50
O752	-0.24	-1.16	1.26	0.13
O753	1.50	-0.50	-0.50	-0.50
O754	0.00	0.00	0.00	0.00
O755	0.00	0.00	0.00	0.00
O756	1.08	0.62	-0.85	-0.85
O757	0.00	0.00	0.00	0.00
O758	-0.86	-0.86	0.70	1.02
O759	-0.88	-0.64	0.19	1.33
O760	0.87	0.60	-0.10	-1.37
O761	1.50	-0.50	-0.50	-0.50
O762	-0.82	-0.89	1.07	0.63
O763	1.50	-0.50	-0.50	-0.50
O764	0.00	0.00	0.00	0.00
O765	-0.50	-0.50	-0.50	1.50
O766	-0.50	-0.50	-0.50	1.50
O767	-0.48	-0.51	-0.51	1.50
O768	1.04	0.67	-0.86	-0.86
O769	1.21	0.44	-0.82	-0.82
O770	0.77	-0.05	-1.39	0.67
O771	1.06	0.63	-0.73	-0.96
O772	-1.39	-0.04	0.84	0.60
O773	-0.86	-0.86	0.77	0.96
O774	0.96	0.47	-1.36	-0.07
O775	0.39	1.21	-0.55	-1.04
O776	0.74	0.60	-1.44	0.10
O777	0.00	0.00	0.00	0.00
O778	-1.23	1.02	-0.35	0.56
O779	0.85	0.89	-0.87	-0.87
O780	0.00	0.00	0.00	0.00
O781	-0.70	-0.90	0.33	1.26
O782	0.00	0.00	0.00	0.00
O783	-0.87	-0.87	0.89	0.84
O784	0.88	0.86	-0.87	-0.87
O785	-0.92	-0.37	-0.13	1.42
O786	1.50	-0.50	-0.50	-0.50
O787	-0.50	-0.50	-0.50	1.50
O788	-0.50	1.50	-0.50	-0.50
O789	1.13	0.56	-0.84	-0.84
O790	0.74	0.99	-0.86	-0.86
O791	0.00	0.00	0.00	0.00
O792	1.32	0.23	-0.76	-0.78
O793	-0.50	-0.50	-0.50	1.50
O794	-0.87	0.84	0.89	-0.87
O795	-0.87	-0.87	0.85	0.88
O796	-1.45	0.13	0.59	0.73
O797	1.15	0.52	-0.84	-0.84
O798	0.78	-0.86	-0.86	0.95
O799	0.00	0.00	0.00	0.00
O800	0.00	0.00	0.00	0.00
O801	0.45	-1.46	0.24	0.78
O802	-0.87	-0.87	0.82	0.91
O803	0.00	0.00	0.00	0.00
O804	0.53	0.95	-0.14	-1.34
O805	1.08	0.62	-0.85	-0.85
O806	-0.87	-0.87	0.82	0.92
O807	-0.50	-0.50	1.50	-0.50
O808	-0.77	0.19	1.34	-0.77
O809	0.85	0.41	-1.44	0.19
O810	0.00	0.00	0.00	0.00
O811	0.62	0.71	-1.45	0.11
O812	0.88	0.57	-1.37	-0.08
O813	0.00	0.00	0.00	0.00
O814	-0.85	-0.85	0.61	1.09
O815	1.27	0.24	-0.46	-1.05
O816	-0.86	1.04	0.67	-0.86
O817	-0.87	-0.87	0.88	0.85
O818	0.93	0.71	-0.45	-1.19
O819	1.00	0.72	-0.86	-0.86
O820	0.00	0.00	0.00	0.00
O821	1.04	0.68	-0.86	-0.86
O822	1.19	0.41	-1.06	-0.54
O823	-1.12	1.01	0.65	-0.54
O824	1.10	0.56	-1.05	-0.61
O825	-0.50	-0.50	-0.50	1.50
O826	-0.85	0.65	1.06	-0.85
O827	0.00	0.00	0.00	0.00
O828	-0.50	-0.50	-0.50	1.50
O829	1.50	-0.50	-0.50	-0.50
O830	-1.32	-0.22	0.64	0.89
O831	-0.50	-0.50	-0.50	1.50
O832	-0.86	-0.86	0.80	0.93
O833	0.68	0.49	-1.48	0.31
O834	0.66	0.54	-1.48	0.28
O835	-0.87	-0.87	0.92	0.81
O836	1.50	-0.50	-0.50	-0.50
O837	0.00	0.00	0.00	0.00
O838	0.00	0.00	0.00	0.00
O839	0.00	0.00	0.00	0.00
O840	1.50	-0.50	-0.50	-0.50
O841	0.54	0.65	0.30	-1.48
O842	0.54	-1.50	0.39	0.56
O843	-0.85	0.61	1.09	-0.85
O844	0.69	-0.86	-0.86	1.02
O845	1.50	-0.50	-0.50	-0.50
O846	-0.50	-0.50	-0.50	1.50
O847	1.02	0.69	-0.86	-0.86
O848	1.02	0.69	-0.86	-0.86
O849	0.78	0.41	0.27	-1.46
O850	-1.47	0.25	0.48	0.74
O851	0.00	0.00	0.00	0.00
O852	0.00	0.00	0.00	0.00
O853	0.00	0.00	0.00	0.00
O854	-0.95	-0.67	0.41	1.22
O855	1.13	0.43	-0.37	-1.19
O856	-1.40	-0.03	0.69	0.75
O857	0.64	0.49	0.36	-1.49
O858	1.11	0.58	-0.84	-0.84
O859	0.87	0.86	-0.87	-0.87
O860	0.00	0.00	0.00	0.00
O861	0.94	0.78	-0.86	-0.86
O862	0.59	0.61	0.28	-1.48
O863	-1.11	1.20	0.35	-0.44
O864	0.88	0.23	0.32	-1.44
O865	0.51	0.72	0.24	-1.47
O866	0.00	0.00	0.00	0.00
O867	-1.30	-0.20	0.47	1.03
O868	-1.02	-0.37	0.03	1.35
O869	0.00	0.00	0.00	0.00
O870	0.00	0.00	0.00	0.00
O871	0.00	0.00	0.00	0.00
O872	0.00	0.00	0.00	0.00
O873	1.00	0.72	-0.86	-0.86
O874	0.95	0.78	-0.86	-0.86
O875	-0.50	-0.50	-0.50	1.50
O876	1.04	0.68	-0.86	-0.86
O877	0.06	-0.66	-0.79	1.39
O878	0.75	-0.86	-0.86	0.97
O879	0.00	0.00	0.00	0.00
O880	-0.86	0.41	1.23	-0.77
O881	-1.22	-0.24	0.30	1.17
O882	-0.76	1.35	0.17	-0.76
O883	0.22	0.73	0.51	-1.47
O884	0.00	0.00	0.00	0.00
O885	-0.86	-0.86	0.93	0.80
O886	0.00	0.00	0.00	0.00
O887	-0.50	-0.50	-0.50	1.50
O888	0.35	0.77	0.35	-1.47
O889	-0.87	-0.87	0.87	0.86
O890	0.00	0.00	0.00	0.00
O891	-1.36	0.62	0.86	-0.12
O892	0.00	0.00	0.00	0.00
O893	0.00	0.00	0.00	0.00
O894	-0.86	-0.86	0.73	0.99
O895	0.00	0.00	0.00	0.00
O896	0.00	0.00	0.00	0.00
O897	1.33	0.18	-0.92	-0.59
O898	0.00	0.00	0.00	0.00
O899	1.26	0.21	-1.12	-0.35
O900	-1.18	-0.10	0.01	1.27
O901	1.50	-0.50	-0.50	-0.50
O902	-1.49	0.35	0.57	0.58
O903	1.14	0.54	-0.84	-0.84
O904	-1.37	0.07	0.27	1.03
O905	1.10	0.59	-0.85	-0.85
O906	-0.86	-0.86	0.74	0.99
O907	0.00	0.00	0.00	0.00
O908	0.98	0.58	-0.29	-1.27
O909	0.00	0.00	0.00	0.00
O910	-0.50	-0.50	-0.50	1.50
O911	0.00	0.00	0.00	0.00
O912	-1.40	0.16	0.27	0.97
O913	-1.42	0.05	0.52	0.85
O914	-0.50	-0.50	-0.50	1.50
O915	0.45	0.94	-0.01	-1.38
O916	0.92	0.82	-0.87	-0.87
O917	0.98	0.74	-0.86	-0.86
O918	0.69	0.83	-0.17	-1.34
O919	0.97	0.76	-0.86	-0.86
O920	0.00	0.00	0.00	0.00
O921	0.00	0.00	0.00	0.00
O922	0.00	0.00	0.00	0.00
O923	-0.87	-0.87	0.82	0.91
O924	0.79	0.69	-0.11	-1.37
O925	1.07	0.59	-0.58	-1.08
O926	-0.50	-0.50	-0.50	1.50
O927	-0.50	1.50	-0.50	-0.50
O928	1.24	0.32	-0.53	-1.03
O929	1.50	-0.50	-0.50	-0.50
O930	0.00	0.00	0.00	0.00
O931	-1.30	-0.27	0.73	0.84
O932	1.03	0.68	-0.86	-0.86
O933	-0.86	-0.86	0.79	0.94
O934	0.89	0.84	-0.87	-0.87
O935	0.82	0.91	-0.87	-0.87
O936	-1.47	0.41	0.76	0.31
O937	0.54	-1.49	0.38	0.58
O938	-1.42	0.77	0.62	0.04
O939	1.50	-0.50	-0.50	-0.50
O940	0.43	0.38	0.67	-1.49
O941	0.00	0.00	0.00	0.00
O942	-0.50	-0.50	1.50	-0.50
O943	0.23	-1.46	0.48	0.76
O944	-0.50	1.50	-0.50	-0.50
O945	1.06	0.65	-0.85	-0.85
O946	-1.29	-0.24	0.55	0.98
O947	0.00	0.00	0.00	0.00
O948	1.25	-1.01	0.31	-0.56
O949	-0.50	-0.50	-0.50	1.50
O950	0.85	-0.87	-0.87	0.88
O951	-1.14	0.73	-0.53	0.94
O952	0.00	0.00	0.00	0.00
O953	1.11	0.58	-0.85	-0.85
O954	-0.53	1.05	0.61	-1.12
O955	-1.45	0.50	0.80	0.14
O956	1.31	0.25	-0.89	-0.66
O957	0.00	0.00	0.00	0.00
O958	0.00	0.00	0.00	0.00
O959	-0.50	-0.50	1.50	-0.50
O960	0.05	-0.96	1.37	-0.45
O961	0.70	0.41	0.37	-1.48
O962	-1.25	-0.34	0.95	0.65
O963	0.00	0.00	0.00	0.00
O964	0.93	0.80	-0.86	-0.86
O965	0.00	0.00	0.00	0.00
O966	0.00	0.00	0.00	0.00
O967	-1.43	0.08	0.54	0.82
O968	1.12	0.56	-0.71	-0.97
O969	-0.85	0.58	1.11	-0.85
O970	1.50	-0.50	-0.50	-0.50
O971	1.38	-1.02	-0.13	-0.23
O972	0.86	0.87	-0.87	-0.87
O973	-0.80	1.28	0.32	-0.80
O974	1.04	0.66	-0.73	-0.98
O975	-1.45	0.41	0.19	0.84
O976	0.00	0.00	0.00	0.00
O977	-0.50	-0.50	-0.50	1.50
O978	-0.50	-0.50	-0.50	1.50
O979	-0.50	-0.50	1.50	-0.50
O980	-0.86	-0.86	0.69	1.03
O981	-1.13	-0.55	0.91	0.77
O982	1.06	0.65	-0.85	-0.85
O983	1.00	0.72	-0.86	-0.86
O984	1.00	0.71	-0.86	-0.86
O985	-0.86	1.00	-0.86	0.72
O986	0.98	0.74	-0.86	-0.86
O987	0.00	0.00	0.00	0.00
O988	1.01	0.71	-0.86	-0.86
O989	0.32	1.27	-0.72	-0.87
O990	0.00	0.00	0.00	0.00
O991	0.00	0.00	0.00	0.00
O992	0.65	-1.48	0.29	0.54
O993	1.28	0.30	-0.81	-0.77
O994	-1.47	0.23	0.48	0.76
O995	1.50	-0.50	-0.50	-0.50
O996	0.00	0.00	0.00	0.00
O997	-0.50	-0.50	1.50	-0.50
O998	1.16	0.50	-0.73	-0.93
O999	0.00	0.00	0.00	0.00
O1000	0.62	0.37	-1.49	0.50